depth_scale: 0.0010000000474974513
fx: 614.28125
fy: 614.4807739257812
height: 480
ppx: 323.3623962402344
ppy: 247.32833862304688
width: 640
