1:
  diameter: 0.11233760733263154
  min_x: -0.01280165184289217
  min_y: -0.0410124808549881
  min_z: -0.056674472987651825
  size_x: 0.01280165184289217
  size_y: 0.0410124808549881
  size_z: 0.056674472987651825
2:
  diameter: 0.10270843759718315
  min_x: -0.00977515522390604
  min_y: -0.04206288605928421
  min_z: -0.051967862993478775
  size_x: 0.00977515522390604
  size_y: 0.04206288605928421
  size_z: 0.051967862993478775
